old model
done
Best model at step 1600, cost 877.088745117
mechanics: [0.19809609651565552, 698.3793334960938, 902.6760864257812, 4984.498046875]
All: [0.35403603315353394, 626.4798583984375, 810.1676635742188, 4891.8486328125]
objectives: [0.037715911865234375, 764.338623046875, 988.831787109375, 4697.9013671875]
fighting: [0.05086714029312134, 757.7509765625, 982.051513671875, 4625.8896484375]
IMR: [0.31031346321105957, 647.7055053710938, 837.13720703125, 5147.14599609375]
farming: [0.1845850944519043, 704.8306884765625, 910.2487182617188, 4633.50634765625]
movement: [0.03937321901321411, 762.6262817382812, 987.9798583984375, 4672.6142578125]


new models

6 layers
done
Best model at step 2200, cost 879.850097656
mechanics: [0.1958501935005188, 710.0020141601562, 921.4873046875, 4492.46728515625]
All: [0.3876526951789856, 619.4453735351562, 804.1179809570312, 4730.99853515625]
misc: [0.07014042139053345, 761.5659790039062, 990.8993530273438, 4625.708984375]
fighting: [0.09231209754943848, 750.9594116210938, 979.0145263671875, 4698.64697265625]
IMR: [0.34301435947418213, 641.5431518554688, 832.911376953125, 4678.91064453125]
farming: [0.19029206037521362, 709.533935546875, 924.6663818359375, 4843.40478515625]
movement: [0.13137251138687134, 733.6360473632812, 957.718017578125, 4655.15576171875]


l2
Best model at step 1800, cost 872.293945312
mechanics: [0.2029016613960266, 703.4774169921875, 917.4381713867188, 4631.85791015625]
All: [0.36486679315567017, 631.8768920898438, 818.9421997070312, 4900.83935546875]
misc: [0.06936120986938477, 760.5341186523438, 991.314453125, 4837.94970703125]
fighting: [0.08728450536727905, 754.381591796875, 981.7221069335938, 4859.75390625]
IMR: [0.3169682025909424, 655.2031860351562, 849.2612915039062, 4919.4931640625]
farming: [0.1898326277732849, 711.6958618164062, 924.9286499023438, 4864.25146484375]
movement: [0.1243928074836731, 737.2946166992188, 961.55810546875, 4522.2275390625]
